1 15 1429693521
2 17 1429693521
3 18 1429693521
4 19 1429693521
5 20 1429693521
6 23 1429693521
7 24 1429693521
8 25 1429693521
1 15.2209 1429693551
2 16.9687 1429693551
3 17.9879 1429693551
4 19.2396 1429693551
5 20.1172 1429693551
6 23.1574 1429693551
7 23.8903 1429693551
8 25.0323 1429693551
1 15.0291 1429693581
2 16.8898 1429693581
3 18.1254 1429693581
4 19.1563 1429693581
5 19.9216 1429693581
6 23.1263 1429693581
7 23.8582 1429693581
8 25.121 1429693581
1 14.7868 1429693611
2 16.9224 1429693611
3 18.2971 1429693611
4 19.2685 1429693611
5 20.0687 1429693611
6 22.9428 1429693611
7 23.9723 1429693611
8 25.1946 1429693611
1 14.8949 1429693641
2 16.7654 1429693641
3 18.2908 1429693641
4 19.253 1429693641
5 20.1055 1429693641
6 22.874 1429693641
7 24.1862 1429693641
8 25.1894 1429693641
1 15.0593 1429693671
2 16.7152 1429693671
3 18.2847 1429693671
4 19.3716 1429693671
5 20.0361 1429693671
6 22.9941 1429693671
7 24.1701 1429693671
8 25.2085 1429693671
1 15.0231 1429693701
2 16.5635 1429693701
3 18.1618 1429693701
4 19.2487 1429693701
5 19.8887 1429693701
6 23.1485 1429693701
7 24.0757 1429693701
8 25.4484 1429693701
1 15.1893 1429693731
2 16.7633 1429693731
3 18.3791 1429693731
4 19.4622 1429693731
5 19.7429 1429693731
6 23.0765 1429693731
7 24.1652 1429693731
8 25.6337 1429693731
1 15.1046 1429693761
2 16.7744 1429693761
3 18.5136 1429693761
4 19.376 1429693761
5 19.7864 1429693761
6 22.8281 1429693761
7 23.9688 1429693761
8 25.7259 1429693761
1 15.3252 1429693791
2 16.8524 1429693791
3 18.3186 1429693791
4 19.4738 1429693791
5 19.6388 1429693791
6 22.6087 1429693791
7 23.7906 1429693791
8 25.6174 1429693791
1 15.4545 1429693821
2 16.9005 1429693821
3 18.5002 1429693821
4 19.4037 1429693821
5 19.8492 1429693821
6 22.6924 1429693821
7 23.5515 1429693821
8 25.4188 1429693821
1 15.3245 1429693851
2 17.0173 1429693851
3 18.2741 1429693851
4 19.2782 1429693851
5 20.0948 1429693851
6 22.4618 1429693851
7 23.7046 1429693851
8 25.2905 1429693851
1 15.094 1429693881
2 17.1652 1429693881
3 18.4284 1429693881
4 19.2653 1429693881
5 20.1438 1429693881
6 22.3463 1429693881
7 23.8735 1429693881
8 25.0976 1429693881
1 15.166 1429693911
2 17.1175 1429693911
3 18.4246 1429693911
4 19.4139 1429693911
5 20.0372 1429693911
6 22.3343 1429693911
7 24.0154 1429693911
8 24.972 1429693911
1 14.9736 1429693941
2 17.138 1429693941
3 18.339 1429693941
4 19.2507 1429693941
5 20.1558 1429693941
6 22.2125 1429693941
7 23.8835 1429693941
8 25.1867 1429693941
1 15.067 1429693971
2 17.3561 1429693971
3 18.5125 1429693971
4 19.2248 1429693971
5 20.3129 1429693971
6 22.1376 1429693971
7 23.9322 1429693971
8 25.0768 1429693971
1 15.2461 1429694001
2 17.1672 1429694001
3 18.4696 1429694001
4 19.3365 1429694001
5 20.2153 1429694001
6 21.9548 1429694001
7 24.1528 1429694001
8 25.1176 1429694001
1 15.4285 1429694031
2 17.3369 1429694031
3 18.3087 1429694031
4 19.5229 1429694031
5 20.0051 1429694031
6 21.7374 1429694031
7 24.2241 1429694031
8 25.1887 1429694031
1 15.2345 1429694061
2 17.4808 1429694061
3 18.1871 1429694061
4 19.36 1429694061
5 20.0955 1429694061
6 21.7233 1429694061
7 24.3914 1429694061
8 25.0436 1429694061
1 15.09 1429694091
2 17.3519 1429694091
3 18.0544 1429694091
4 19.1348 1429694091
5 20.0958 1429694091
6 21.5575 1429694091
7 24.2262 1429694091
8 25.0763 1429694091
1 15.2292 1429694121
2 17.5417 1429694121
3 18.2544 1429694121
4 19.1201 1429694121
5 20.2352 1429694121
6 21.4043 1429694121
7 24.4425 1429694121
8 25.1448 1429694121
1 14.9921 1429694151
2 17.4397 1429694151
3 18.3453 1429694151
4 19.1993 1429694151
5 20.2931 1429694151
6 21.4625 1429694151
7 24.3394 1429694151
8 24.9957 1429694151
1 14.9864 1429694181
2 17.2145 1429694181
3 18.3093 1429694181
4 19.1176 1429694181
5 20.0897 1429694181
6 21.5878 1429694181
7 24.2744 1429694181
8 24.7465 1429694181
1 15.2072 1429694211
2 17.3523 1429694211
3 18.0679 1429694211
4 19.3385 1429694211
5 20.0218 1429694211
6 21.494 1429694211
7 24.4263 1429694211
8 24.9412 1429694211
1 15.2893 1429694241
2 17.5243 1429694241
3 18.2077 1429694241
4 19.5264 1429694241
5 19.9095 1429694241
6 21.2538 1429694241
7 24.57 1429694241
8 24.9115 1429694241
1 15.4108 1429694271
2 17.415 1429694271
3 18.3913 1429694271
4 19.3243 1429694271
5 19.9996 1429694271
6 21.4491 1429694271
7 24.7136 1429694271
8 25.0716 1429694271
1 15.1701 1429694301
2 17.2608 1429694301
3 18.4001 1429694301
4 19.1162 1429694301
5 19.8048 1429694301
6 21.2118 1429694301
7 24.8463 1429694301
8 24.8627 1429694301
1 15.2318 1429694331
2 17.3641 1429694331
3 18.4616 1429694331
4 19.121 1429694331
5 19.9941 1429694331
6 21.4452 1429694331
7 24.7688 1429694331
8 24.8541 1429694331
1 15.3804 1429694361
2 17.4027 1429694361
3 18.28 1429694361
4 19.2246 1429694361
5 19.7464 1429694361
6 21.6148 1429694361
7 24.6178 1429694361
8 25.0291 1429694361
1 15.53 1429694391
2 17.5919 1429694391
3 18.3444 1429694391
4 19.185 1429694391
5 19.7885 1429694391
6 21.5297 1429694391
7 24.8248 1429694391
8 25.0369 1429694391
1 15.4358 1429694421
2 17.8111 1429694421
3 18.4646 1429694421
4 19.0088 1429694421
5 19.7117 1429694421
6 21.4019 1429694421
7 24.9515 1429694421
8 25.2039 1429694421
1 15.5159 1429694451
2 17.8272 1429694451
3 18.3991 1429694451
4 19.1588 1429694451
5 19.5517 1429694451
6 21.5505 1429694451
7 25.1834 1429694451
8 25.3774 1429694451
1 15.5478 1429694481
2 17.8632 1429694481
3 18.2347 1429694481
4 19.0814 1429694481
5 19.4797 1429694481
6 21.3125 1429694481
7 25.3413 1429694481
8 25.2422 1429694481
1 15.739 1429694511
2 17.6287 1429694511
3 18.1706 1429694511
4 19.0987 1429694511
5 19.2403 1429694511
6 21.4149 1429694511
7 25.1371 1429694511
8 25.1164 1429694511
1 15.4959 1429694541
2 17.6689 1429694541
3 18.3822 1429694541
4 19.2688 1429694541
5 19.1332 1429694541
6 21.6449 1429694541
7 25.1619 1429694541
8 24.9178 1429694541
1 15.3337 1429694571
2 17.6633 1429694571
3 18.5218 1429694571
4 19.1313 1429694571
5 19.3338 1429694571
6 21.5233 1429694571
7 25.3032 1429694571
8 25.0102 1429694571
1 15.4789 1429694601
2 17.7376 1429694601
3 18.4825 1429694601
4 19.1046 1429694601
5 19.1251 1429694601
6 21.723 1429694601
7 25.5457 1429694601
8 25.0009 1429694601
1 15.527 1429694631
2 17.5919 1429694631
3 18.6292 1429694631
4 18.9354 1429694631
5 19.1273 1429694631
6 21.5758 1429694631
7 25.4735 1429694631
8 24.7942 1429694631
1 15.7263 1429694661
2 17.4342 1429694661
3 18.6294 1429694661
4 18.8034 1429694661
5 19.3185 1429694661
6 21.5662 1429694661
7 25.357 1429694661
8 24.8084 1429694661
1 15.7744 1429694691
2 17.4811 1429694691
3 18.6071 1429694691
4 18.7028 1429694691
5 19.4882 1429694691
6 21.6089 1429694691
7 25.539 1429694691
8 24.7713 1429694691
1 15.6337 1429694721
2 17.2841 1429694721
3 18.4375 1429694721
4 18.8371 1429694721
5 19.7081 1429694721
6 21.5429 1429694721
7 25.5202 1429694721
8 24.9214 1429694721
1 15.5033 1429694751
2 17.508 1429694751
3 18.4199 1429694751
4 18.7326 1429694751
5 19.9015 1429694751
6 21.5297 1429694751
7 25.7551 1429694751
8 24.7817 1429694751
1 15.4306 1429694781
2 17.6642 1429694781
3 18.6395 1429694781
4 18.8646 1429694781
5 20.0847 1429694781
6 21.326 1429694781
7 25.7895 1429694781
8 24.955 1429694781
1 15.3071 1429694811
2 17.8214 1429694811
3 18.8871 1429694811
4 19.0696 1429694811
5 20.311 1429694811
6 21.5754 1429694811
7 25.5713 1429694811
8 25.1313 1429694811
1 15.3711 1429694841
2 17.6345 1429694841
3 18.8732 1429694841
4 19.1466 1429694841
5 20.2028 1429694841
6 21.7502 1429694841
7 25.6338 1429694841
8 25.2065 1429694841
1 15.5475 1429694871
2 17.7723 1429694871
3 18.9804 1429694871
4 19.0992 1429694871
5 20.1844 1429694871
6 21.5371 1429694871
7 25.4569 1429694871
8 25.1175 1429694871
1 15.6816 1429694901
2 17.6408 1429694901
3 18.7736 1429694901
4 19.2034 1429694901
5 20.0626 1429694901
6 21.7095 1429694901
7 25.2356 1429694901
8 25.2012 1429694901
1 15.6824 1429694931
2 17.8237 1429694931
3 18.756 1429694931
4 19.2682 1429694931
5 19.9085 1429694931
6 21.7442 1429694931
7 25.1081 1429694931
8 25.1118 1429694931
1 15.4838 1429694961
2 18.0411 1429694961
3 18.7542 1429694961
4 19.3554 1429694961
5 19.7202 1429694961
6 21.5146 1429694961
7 25.1925 1429694961
8 25.0946 1429694961
1 15.2543 1429694991
2 17.7953 1429694991
3 18.6602 1429694991
4 19.6014 1429694991
5 19.5474 1429694991
6 21.7191 1429694991
7 25.1328 1429694991
8 25.2217 1429694991
